timegroup 0 168
5535.714286
5714.285714
6071.428571
6250
6607.142857
6964.285714
8392.857143
8571.428571
8928.571429
9107.142857
9464.285714
9821.428571
11071.428571
11428.571429
11785.714286
11964.285714
12321.428571
12678.571429
13928.571429
14285.714286
15000
15178.571429
15357.142857
17142.857143
17500
17857.142857
18214.285714
18392.857143
18750
19464.285714
19642.857143
19821.428571
20000
20357.142857
20535.714286
20892.857143
21250
21607.142857
22678.571429
22857.142857
23035.714286
23214.285714
23392.857143
23750
24107.142857
24642.857143
24821.428571
25178.571429
25535.714286
25892.857143
27142.857143
28571.428571
28750
28928.571429
29017.857143
29107.142857
30000
30178.571429
30357.142857
30535.714286
31428.571429
31607.142857
31785.714286
31875
31964.285714
32678.571429
32857.142857
33035.714286
33214.285714
33392.857143
34285.714286
34464.285714
34642.857143
34821.428571
35000
35178.571429
35535.714286
35892.857143
36250
36428.571429
36785.714286
37142.857143
37500
37678.571429
38035.714286
38392.857143
38571.428571
39642.857143
39821.428571
40000
40178.571429
40714.285714
40892.857143
41071.428571
41250
41607.142857
42142.857143
42500
42678.571429
42857.142857
43035.714286
43392.857143
43928.571429
44107.142857
44285.714286
44464.285714
44821.428571
45357.142857
45535.714286
45714.285714
45892.857143
46428.571429
46607.142857
46785.714286
46964.285714
47321.428571
47857.142857
48214.285714
48392.857143
48571.428571
48750
49107.142857
49642.857143
49821.428571
50000
50178.571429
50535.714286
51071.428571
51250
51428.571429
51607.142857
52142.857143
52321.428571
52500
52678.571429
53035.714286
53571.428571
53928.571429
54107.142857
54285.714286
54464.285714
54821.428571
55357.142857
55535.714286
55714.285714
55892.857143
56250
56785.714286
56964.285714
57142.857143
57321.428571
57678.571429
58214.285714
58392.857143
58571.428571
58928.571429
59285.714286
59464.285714
59642.857143
59821.428571
61428.571429
61964.285714
62500
62678.571429
62857.142857
63214.285714
63392.857143
63750
63928.571429
64107.142857
64285.714286
64464.285714
64642.857143
64821.428571
65000
65178.571429
65357.142857
65535.714286
65714.285714
66071.428571
66250
66607.142857
66785.714286
66964.285714
67142.857143
67321.428571
67500
67678.571429
67857.142857
68035.714286
68214.285714
68392.857143
68571.428571
68928.571429
69107.142857
69464.285714
69642.857143
69821.428571
70000
70357.142857
70535.714286
70892.857143
71250
71607.142857
71964.285714
72321.428571
72500
72678.571429
72857.142857
73035.714286
73214.285714
73392.857143
73571.428571
73750
73928.571429
74107.142857
74285.714286
74642.857143
74821.428571
75178.571429
75357.142857
75535.714286
75714.285714
76071.428571
76250
76428.571429
76607.142857
76785.714286
76964.285714
77142.857143
77500
77678.571429
78035.714286
78214.285714
78392.857143
78571.428571
78928.571429
79107.142857
79464.285714
80000
80357.142857
80535.714286
80714.285714
81071.428571
81250
81428.571429
81607.142857
81785.714286
81964.285714
82142.857143
82500
82678.571429
82857.142857
83214.285714
83392.857143
83571.428571
83928.571429
84285.714286
84642.857143
84821.428571
85178.571429
85535.714286
85714.285714
85892.857143
86071.428571
86250
86428.571429
86607.142857
86785.714286
86964.285714
87142.857143
88571.428571
89107.142857
89464.285714
89642.857143
89821.428571
90000
90892.857143
91071.428571
91250
91428.571429
91785.714286
91964.285714
92321.428571
92678.571429
93571.428571
93928.571429
94285.714286
94821.428571
95000
95178.571429
96250
96428.571429
96607.142857
97142.857143
97500
97678.571429
98035.714286
98392.857143
98928.571429
99107.142857
99285.714286
99464.285714
99642.857143
99821.428571
100000
100357.142857
100535.714286
100892.857143
101428.571429
101785.714286
101964.285714
102321.428571
102857.142857
103214.285714
103392.857143
103750
104285.714286
104642.857143
104821.428571
105178.571429
105357.142857
105535.714286
105714.285714
105892.857143
106250
106785.714286
106964.285714
107142.857143
107500
107678.571429
108035.714286
108392.857143
111428.571429
112678.571429
112767.857143
112857.142857
113750
113928.571429
114107.142857
114285.714286
114464.285714
114642.857143
114732.142857
114821.428571
115535.714286
115714.285714
115892.857143
116071.428571
116250
117142.857143
117321.428571
117500
117678.571429
117857.142857
118035.714286
118392.857143
118750
119107.142857
119285.714286
119642.857143
120000
120178.571429
120357.142857
120535.714286
120714.285714
120892.857143
121071.428571
121160.714286
121250
122500
122678.571429
122857.142857
123035.714286
123571.428571
123750
123928.571429
124107.142857
124464.285714
125000
125357.142857
125535.714286
125714.285714
125892.857143
126250
126785.714286
126964.285714
127142.857143
127321.428571
127678.571429
128214.285714
128392.857143
128571.428571
128750
129285.714286
129464.285714
129642.857143
129821.428571
130178.571429
130714.285714
131071.428571
131250
131428.571429
131607.142857
131964.285714
132500
132678.571429
132857.142857
133035.714286
133125
133214.285714
133392.857143
133482.142857
133571.428571
133750
133928.571429
134107.142857
134285.714286
134464.285714
135000
135178.571429
135357.142857
135535.714286
135892.857143
136428.571429
136785.714286
136964.285714
137142.857143
137321.428571
137678.571429
138214.285714
138392.857143
138571.428571
138750
139107.142857
139642.857143
139821.428571
140000
140178.571429
140535.714286
141071.428571
141250
141428.571429
141785.714286
142142.857143
142321.428571
142500
142678.571429
144285.714286
144821.428571
145357.142857
145535.714286
145714.285714
145892.857143
146071.428571
146250
148035.714286
148571.428571
148750
148928.571429
149107.142857
149553.571429
149732.142857
150000
150267.857143
150446.428571
150714.285714
150892.857143
151071.428571
151250
151428.571429
152500
152678.571429
153035.714286
153392.857143
153571.428571
153750
153928.571429
154107.142857
154285.714286
155357.142857
155535.714286
155892.857143
156250
156428.571429
156607.142857
156785.714286
156964.285714
157142.857143
158125
158303.571429
158571.428571
159107.142857
159464.285714
159642.857143
160000
160178.571429
160535.714286
161964.285714
162321.428571
162500
162678.571429
162857.142857
165714.285714
166071.428571
166428.571429
166785.714286
167142.857143
167321.428571
167500
167678.571429
167857.142857
168035.714286
168214.285714
168392.857143
168571.428571
168750
169285.714286
169464.285714
169642.857143
169821.428571
170178.571429
170714.285714
171071.428571
171250
171428.571429
171607.142857
171964.285714
172500
172678.571429
172857.142857
173035.714286
173392.857143
173928.571429
174107.142857
174285.714286
174464.285714
175000
175178.571429
175357.142857
175535.714286
175892.857143
176428.571429
176785.714286
176964.285714
177142.857143
177321.428571
177678.571429
178214.285714
178392.857143
178571.428571
178750
178839.285714
178928.571429
179107.142857
179196.428571
179285.714286
179464.285714
179642.857143
179821.428571
180000
180178.571429
180714.285714
180892.857143
181071.428571
181250
181607.142857
182142.857143
182500
182678.571429
182857.142857
183035.714286
183392.857143
183928.571429
184107.142857
184285.714286
184464.285714
184821.428571
185357.142857
185535.714286
185714.285714
185892.857143
186250
186785.714286
186964.285714
187142.857143
187500
187857.142857
188035.714286
188214.285714
188392.857143
timegroup 188571.428571 152
188571.428571
188768.796992
188966.165414
189163.533835
189360.902256
189558.270677
189755.639098
189953.007519
190150.37594
190347.744361
190545.112782
190742.481203
timegroup 190939.849624 120
190939.849624
191189.849624
191439.849624
191689.849624
191939.849624
192189.849624
192689.849624
193439.849624
193689.849624
timegroup 193939.849624 97
193939.849624
194558.406325
195176.963026
195640.880552
196104.798078
timegroup 197651.18983 78
197651.18983
timegroup 198420.420599 70
timegroup 199277.563457 60
201027.563457
201152.563457
201277.563457
